0.0098652413 0.4951247562378119 1.0
0.0197304826 0.4951247562378119 1.0
0.029595723900000002 0.4951495149514952 1.0
0.0394609652 0.4951495149514952 1.0
0.049326206500000004 0.4951495149514952 1.0
0.059191447800000005 0.4951495149514952 1.0
0.06905668910000001 0.4950990198039608 0.5
0.0789219304 0.49507376844211054 0.4
0.0887871717 0.49512182918897285 0.5384615384615384
0.09865241300000001 0.4952690863579474 0.64
0.10851765430000002 0.49519086263901413 0.5526315789473685
0.11838289560000001 0.4952619704186513 0.5636363636363636
0.1282481369 0.4952797027217033 0.5465116279069767
0.13811337820000003 0.49517054029580443 0.5163934426229508
0.14797861950000002 0.49487865179877893 0.48066298342541436
0.1578438608 0.49416658212437864 0.4405594405594406
0.1677091021 0.4943860365417985 0.47044334975369456
0.1775743434 0.49421504602252275 0.47377938517179025
0.18743958470000002 0.49400342661336377 0.476319350473613
0.19730482600000002 0.49366955608090357 0.47668393782383417
0.2071700673 0.49340805978115826 0.4798418972332016
0.21703530860000003 0.494205973559654 0.4947498455836936
0.22690054990000003 0.4946033159007455 0.5004935834155972
0.23676579120000002 0.49351317368691777 0.49380743108270075
0.2466310325 0.4933576299083 0.49497991967871485
0.2564962738 0.49223300970873785 0.4914772727272727
0.2663615151 0.4920595066223087 0.4929958220693045
0.27622675640000005 0.4913731362718927 0.49256625727213965
0.28609199770000004 0.4923795976427555 0.49723123925911783
0.29595723900000004 0.491896442854136 0.49695493300852617
0.30582248030000003 0.4920172049281913 0.49816966417316566
0.3156877216 0.4931227327690447 0.5010342789598109
0.3255529629 0.4911660777385159 0.4980041293874742
0.3354182042 0.49052784974093266 0.49751569037656906
0.3452834455 0.48861162284374476 0.4952841896252172
0.3551486868 0.4895357850314357 0.4971987125998331
0.36501392810000005 0.4898936170212766 0.4981651376146789
0.37487916940000005 0.48954165150963985 0.49811195024433585
0.38474441070000004 0.4905292479108635 0.499566630552546
0.39460965200000003 0.4900160878205735 0.49920491890172797
0.4044748933 0.4900751589901715 0.49948035751403036
0.4143401346 0.4902037617554859 0.49979575163398693
0.4242053759 0.49016100178890876 0.4998993761320185
0.43407061720000006 0.49011897559991935 0.5
0.44393585850000006 0.48955132145052244 0.4996092986911506
0.45380109980000005 0.4889927310488058 0.499228543876567
0.46366634110000005 0.48882328131590047 0.49923925446938
0.47353158240000004 0.48811053984575836 0.49878094523630906
0.48339682370000003 0.4884100555011427 0.49921376375913423
0.493262065 0.48837981407702524 0.4993615468807005
0.5031273063 0.48836421147763215 0.49955148905633295
0.5129925476 0.48797965788257053 0.49947127247092
0.5228577889 0.4886915334517466 0.5002163565556036
0.5327230302 0.4889294403892944 0.5005942275042444
0.5425882715 0.48900274931267185 0.5008334722453742
0.5524535128000001 0.48950233281493 0.5013839140345164
0.5623187541000001 0.4905685798976017 0.5022261090793448
0.5721839954000001 0.4902401348125263 0.502212904728628
0.5820492367000001 0.4901033973412112 0.5023431594860166
0.5919144780000001 0.48942128189172374 0.502210433244916
0.6017797193000001 0.4901863763813294 0.5027624309392266
0.6116449606000001 0.4913325161968132 0.5033942193295542
0.6215102019000001 0.49166198238710884 0.5036486394325854
0.6313754432 0.4901169826542961 0.503257545539157
0.6412406845 0.4892086330935252 0.5031466943489262
0.6511059258 0.4927467300832342 0.5042735042735043
0.6609711671 0.4928104575163399 0.5043585780525502
0.6708364084 0.4901677270098323 0.503868939668722
0.6807016497 0.4897427548029958 0.5039281705948373
0.690566891 0.486982031536487 0.5036183639205697
0.7004321323 0.49563772330702116 0.5049735690331382
0.7102973736 0.500720115218435 0.5055533850533014
0.7201626149000001 0.5022271714922049 0.5056031641397495
0.7300278562000001 0.5074337427278603 0.5059339944724435
0.7398930975000001 0.5109765329295988 0.5060228063600836
0.7497583388000001 0.5060577819198508 0.5055212130818407
0.7596235801000001 0.49490373725934317 0.5048909347700999
0.7694888214000001 0.5013888888888889 0.5051348547717842
0.7793540627000001 0.48398576512455516 0.5045786603560037
0.7892193040000001 0.4898876404494382 0.5047813858348249
0.7990845453000001 0.4888888888888889 0.504786150712831
0.8089497866 0.49264705882352944 0.5048661800486618
0.8188150279 0.5294117647058824 0.5052535865831481
0.8286802692 0.5032258064516129 0.5049634668682288
0.8385455105 0.5575221238938053 0.5052546889928093
0.8484107518 0.5555555555555556 0.5051458406546513
0.8582759931 0.4838709677419355 0.5048650817534357
0.8681412344000001 0.4444444444444444 0.5047857679779504
0.8780064757000001 0.42424242424242425 0.5047828917714229
0.8878717170000001 0.45 0.5048548548548548
0.8977369583000001 0.3076923076923077 0.5047781057687497
0.9076021996000001 0.2857142857142857 0.5048266893412694
0.9174674409000001 0.16666666666666666 0.5048014404321296
0.9273326822000001 0.5 0.504900490049005
0.9371979235000001 0.0 0.5048752437621881
0.9470631648000001 0.0 0.5048752437621881
0.9569284061000001 0.0 0.5048752437621881
0.9667936474000001 0.0 0.5048752437621881
0.9766588887000001 0.0 0.5048752437621881
